500 0.355267 0.353175 0.353427 0.356618 0.353104 0.353441 0.354476 0.359177 0.364085 0.344745
600 0.510188 0.497937 0.508339 0.509154 0.509669 0.518465 0.510249 0.509381 0.511275 0.530580
700 0.686759 0.691422 0.690833 0.698912 0.691436 0.691071 0.691362 0.690274 0.691023 0.691177
800 0.909436 0.902128 0.902066 0.902147 0.902099 0.902493 0.912041 0.902317 0.902280 0.901942
900 1.141655 1.148063 1.141495 1.141620 1.132901 1.149682 1.136157 1.119370 1.143419 1.144226
1000 1.413975 1.411552 1.411815 1.415569 1.408611 1.410369 1.396163 1.408810 1.409589 1.408481
1100 1.711346 1.704242 1.693970 1.711304 1.704758 1.704428 1.680045 1.705332 1.705272 1.713679
1200 2.032062 2.039193 2.031001 2.032838 2.037218 2.031138 2.038118 2.030768 2.030480 2.037403
1300 2.382865 2.391265 2.382762 2.389543 2.383131 2.390191 2.382589 2.391703 2.365331 2.389722
1400 2.725874 2.778231 2.762873 2.778251 2.682585 2.778999 2.762521 2.778793 2.779047 2.717848
1500 3.072910 3.171582 3.188642 3.185941 3.170696 3.175957 3.173265 3.145522 3.152003 3.170183
1600 3.614156 3.613720 3.613976 3.605961 3.613420 3.613722 3.590441 3.614804 3.617034 3.617289
1700 4.071831 4.079183 4.079375 4.081289 4.079306 4.079123 4.072377 4.079075 4.079113 4.082119
1800 4.524208 4.562961 4.580937 4.564435 4.556142 4.582885 4.580815 4.583888 4.547896 4.534564
1900 5.084314 5.100744 5.100049 5.100474 5.095761 5.091950 5.091504 5.091154 5.076751 5.091374
2000 5.641701 5.645002 5.640820 5.649276 5.641413 5.642590 5.644876 5.640987 5.639642 5.646471
