# dt=0.05, n_steps=100
# n_particles <t1> <t2> <t3> ...
500 0.193242 0.190572 0.201075 0.195658 0.196488 0.198551 0.192861 0.194651 0.198495 0.198787
600 0.283459 0.276647 0.278467 0.278372 0.275443 0.275507 0.276972 0.277854 0.283816 0.292107
700 0.389448 0.393307 0.385535 0.382871 0.427667 0.397907 0.402394 0.385062 0.383233 0.384166
800 0.514908 0.493327 0.500500 0.500175 0.493341 0.494201 0.490713 0.495266 0.496306 0.492516
900 0.626010 0.622800 0.625293 0.623049 0.620886 0.647843 0.637590 0.650036 0.647068 0.633956
1000 0.775274 0.774648 0.794801 0.818052 0.792377 0.794756 0.782198 0.801794 0.776898 0.776560
1100 0.946165 0.938681 0.941325 0.964477 0.948875 0.945191 0.954371 1.014142 1.012874 0.973175
1200 1.184191 1.116813 1.127239 1.138052 1.114008 1.122278 1.113240 1.133627 1.116532 1.117914
1300 1.310449 1.310049 1.305022 1.317662 1.307220 1.326005 1.306729 1.321064 1.313823 1.315668
1400 1.570961 1.547964 1.554856 1.553542 1.539872 1.514134 1.540898 1.545221 1.525112 1.514535
1500 1.789260 1.771765 1.763204 1.773577 1.775170 1.763428 1.787838 1.773077 1.798599 1.773096
1600 2.022716 1.998227 2.017090 1.991510 1.972852 1.985112 1.992807 1.993924 2.040347 2.016978
1700 2.291490 2.256953 2.263723 2.225230 2.238097 2.243966 2.237349 2.241050 2.239376 2.233498
1800 2.524347 2.501915 2.507198 2.507351 2.512680 2.500379 2.499531 2.507301 2.507258 2.488059
1900 2.790387 2.777522 2.785747 2.785138 2.779761 2.776679 2.797018 2.785162 2.768790 2.774123
2000 3.090718 3.086502 3.115159 3.092501 3.111737 3.177577 3.218625 3.199036 3.155177 3.141675