# dt=0.05, n_steps=100
# n_particles <t1> <t2> <t3> ...
500 0.384131 0.367406 0.367315 0.376850 0.382369 0.385574 0.377730 0.371267 0.368710 0.373902
600 0.530106 0.533146 0.545064 0.538723 0.535202 0.567716 0.553715 0.544331 0.548537 0.545467
700 0.734928 0.751981 0.737627 0.748280 0.738664 0.741658 0.743723 0.736531 0.776289 0.768730
800 0.969454 0.979875 0.983721 1.005089 1.000285 0.974246 0.981883 0.966244 0.975140 0.966610
900 1.210236 1.219440 1.221207 1.272147 1.256962 1.277278 1.248367 1.238981 1.236975 1.229678
1000 1.530877 1.531374 1.523110 1.513768 1.530501 1.521813 1.505120 1.531455 1.520998 1.527278
1100 1.834779 1.836390 1.905793 1.865634 1.817877 1.831627 1.865117 1.860031 1.860468 1.884268
1200 2.249603 2.173382 2.246284 2.248411 2.165093 2.249627 2.193207 2.224966 2.199358 2.214280
1300 2.572579 2.571785 2.558259 2.582805 2.634136 2.596465 2.589909 2.562567 2.566514 2.572155
1400 3.113202 2.974425 2.994158 2.976984 2.996332 3.009015 3.029331 2.992006 3.123852 3.070269
1500 3.493795 3.484461 3.514659 3.484107 3.416368 3.461984 3.512382 3.482148 3.413176 3.431262
1600 3.929902 3.900379 3.966333 3.946321 3.944516 3.944409 3.931389 3.934058 3.888390 3.970857
1700 4.483873 4.427013 4.431538 4.495573 4.397162 4.431246 4.420883 4.511734 4.466001 4.486830
1800 5.056399 5.034639 4.991361 5.134344 5.040059 5.061045 5.043947 4.920261 5.003296 5.087275
1900 5.505631 5.594336 5.602351 5.676076 5.635478 5.602667 5.553134 5.718130 5.599787 5.496511
2000 6.052046 6.226185 6.223291 6.213380 6.150138 6.125234 6.124248 6.201212 6.098799 6.186409