500 0.150277 0.150083 0.150106 0.145689 0.147257 0.149256 0.145607 0.149502 0.150062 0.146524
600 0.215819 0.209554 0.215785 0.215512 0.219442 0.215828 0.215228 0.215909 0.212347 0.225307
700 0.294910 0.293849 0.293667 0.293883 0.294065 0.293968 0.293425 0.293939 0.294130 0.294135
800 0.385365 0.385394 0.384941 0.385296 0.392256 0.385344 0.384599 0.384758 0.385380 0.385321
900 0.489807 0.489649 0.489682 0.489282 0.489739 0.502743 0.491204 0.476093 0.489632 0.489445
1000 0.604455 0.594628 0.604684 0.604582 0.615526 0.607392 0.604597 0.604284 0.604100 0.605713
1100 0.705541 0.729399 0.747762 0.732642 0.732445 0.731948 0.732370 0.722314 0.732111 0.748470
1200 0.873208 0.872816 0.873064 0.872828 0.873002 0.881114 0.873255 0.873118 0.873092 0.873321
1300 1.035978 1.025195 1.024975 0.986906 1.024217 1.040951 1.023404 1.024737 1.024392 1.024516
1400 1.200202 1.189271 1.188289 1.189068 1.200192 1.188644 1.188629 1.180555 1.206109 1.189803
1500 1.367832 1.367292 1.382556 1.366520 1.366524 1.362918 1.348118 1.365503 1.365939 1.368408
1600 1.530070 1.554635 1.553632 1.569932 1.554327 1.554622 1.571393 1.511503 1.554523 1.536134
1700 1.755972 1.755859 1.771303 1.756947 1.757572 1.767325 1.755915 1.756642 1.762477 1.755564
1800 1.977906 1.968805 1.969848 1.976769 1.962407 1.954940 1.944393 1.894735 1.985590 1.969437
1900 2.173808 2.213358 2.195162 2.211370 2.195216 2.211288 2.177030 2.211397 2.195047 2.194807
2000 2.448579 2.431340 2.448828 2.338012 2.448447 2.365326 2.419042 2.431372 2.448013 2.431170
