# dt=0.05, n_steps=100
# n_particles <t1> <t2> <t3> ...
500 0.142788 0.144465 0.145310 0.144054 0.145791 0.143230 0.144631 0.146156 0.145888 0.145127
600 0.210747 0.209923 0.210921 0.210176 0.210925 0.210299 0.211486 0.210438 0.211394 0.210191
700 0.286299 0.285319 0.287082 0.286075 0.286672 0.285050 0.286940 0.285685 0.286396 0.285494
800 0.369406 0.372205 0.372412 0.372682 0.369971 0.376823 0.370881 0.371045 0.370628 0.369769
900 0.473748 0.472168 0.477474 0.472243 0.478403 0.471789 0.476597 0.472417 0.479777 0.472386
1000 0.581794 0.587168 0.581701 0.588688 0.582777 0.587830 0.586631 0.587753 0.582535 0.583728
1100 0.702410 0.702496 0.701619 0.702318 0.700325 0.705144 0.703311 0.704017 0.700895 0.701457
1200 0.837086 0.839459 0.837238 0.840079 0.838088 0.840982 0.837091 0.841624 0.835076 0.841928
1300 0.983814 0.981774 0.984931 0.979859 0.981781 0.980104 0.981299 0.978937 0.983199 0.979060
1400 1.138157 1.135812 1.137628 1.135425 1.138725 1.135172 1.138578 1.133015 1.139698 1.135326
1500 1.310880 1.313987 1.308314 1.310711 1.307647 1.313843 1.306358 1.313847 1.314500 1.309854
1600 1.485760 1.483041 1.486777 1.483453 1.485530 1.483520 1.483489 1.483271 1.481674 1.485777
1700 1.673786 1.681507 1.675001 1.674833 1.675814 1.672877 1.672559 1.680749 1.674764 1.675929
1800 1.885015 1.885154 1.880483 1.885990 1.882852 1.881195 1.886102 1.880235 1.888685 1.883507
1900 2.094789 2.097903 2.097023 2.096761 2.095788 2.097210 2.097127 2.100751 2.101744 2.095674
2000 2.322460 2.324038 2.326645 2.323423 2.327132 2.325883 2.327341 2.325721 2.325796 2.322969