# dt=0.05, n_steps=100
# n_particles <t1> <t2> <t3> ...
500 0.074708 0.074529 0.074860 0.075213 0.074638 0.071445 0.074700 0.075189 0.074734 0.075251
600 0.107526 0.107423 0.107631 0.107399 0.107620 0.107352 0.107548 0.107347 0.107566 0.107553
700 0.146219 0.146407 0.146129 0.146446 0.146047 0.146387 0.146081 0.146300 0.146199 0.146122
800 0.193177 0.190867 0.190767 0.191635 0.190776 0.191118 0.190748 0.191704 0.191200 0.190783
900 0.242634 0.241400 0.242049 0.241416 0.241889 0.241577 0.241951 0.241406 0.241973 0.241588
1000 0.299966 0.298609 0.298039 0.298631 0.298026 0.284521 0.297992 0.298600 0.300065 0.298567
1100 0.362527 0.361387 0.360502 0.361367 0.360675 0.361463 0.360584 0.361429 0.360559 0.361397
1200 0.431053 0.429686 0.429121 0.429618 0.429158 0.430105 0.429154 0.429935 0.432716 0.408743
1300 0.504595 0.503840 0.504655 0.503889 0.504635 0.505669 0.504692 0.503713 0.504711 0.504547
1400 0.588752 0.585366 0.586436 0.585240 0.584167 0.585163 0.584270 0.585189 0.584078 0.585325
1500 0.675853 0.671768 0.670594 0.671740 0.670487 0.671836 0.670593 0.672001 0.670954 0.671749
1600 0.764325 0.764953 0.764332 0.763004 0.764415 0.763105 0.764416 0.762927 0.764490 0.763270
1700 0.862750 0.862212 0.860975 0.862265 0.861633 0.861269 0.861767 0.861368 0.863024 0.861312
1800 0.973607 0.967656 0.968110 0.967822 0.967406 0.969149 0.967347 0.965569 0.967474 0.967413
1900 1.075967 1.077698 1.077425 1.075390 1.076553 1.076093 1.076557 1.075745 1.078048 1.075645
2000 1.191971 1.191980 1.194552 1.191877 1.194440 1.191848 1.191201 1.192095 1.191256 1.191899